Izvestaj o ispitivanju materijala u mehanickoj laboratoriji 

OPŠTI PODACI
Operator : S.Stevanovic 
Br. zb. izveštaja : 21.07.2020
Br. uzorka : 400/1
Šarža : 400
Radni nalog : 
Naručilac : livnica

USLOVI ISPITIVANJA
Standard : SRPS EN 
Metoda : B
Standard za n : 
Mašina : P20 SSSR
Temperatura : 20
Ekstenziometar : NE

MATERIJAL ISPITIVANJA
Proizvodjač : 
Dobavljač : LIVNICA
Polazni kvalitet : g22
Nazivna debljina : 
Način prerade : Vučeni

EPRUVETA
Oblik : Obradjena
Tip : Proporcionalna
k : 5.65
Vrsta epruvete : Kružni
S0 : 78.697
L0 : 50.00
Lc : 61.81

POLOŽAJ EPRUVETE U ODNOSU NA
Pravac valjanja : 
Širina trake : 
Dužina trake : 


Napomena : 


Broj zapisa :  
Sila	a   
000846	0
000846	0
000846	0
000846	0
000846	0
000846	0
000846	0
000846	0
000846	0
	0
000846	0
000846	0
000846	0
46	0
000846	0
000846	0
000846	0
00846	0
000846	0
000846	0
000846	0
000846	0
6	0
000846	0
000846	0
000846	0
000846	0
846	0
846	0
000846	0
000846	0
000846	0
000846	0
000846	0
000846	0
000846	0
000846	0
46	0
000846	0
000846	0
000846	0
000846	0
00846	0
000846	0
000846	0
000846	0
000846	0
000846	0
	0
000846	0
000846	0
000846	0
000846	0
846	0
000846	0
000846	0
000846	0
000846	0
000846	0
000846	0
000846	0
000846	0
000846	0
000846	0
46	0
000846	0
000846	0
000846	0
0846	0
000846	0
000846	0
000846	0
000846	0
000846	0
000846	0
	0
000846	0
000846	0
000846	0
000846	0
000846	0
000846	0
00846	0
000846	0
000846	0
000846	0
000846	0
000846	0
000846	0
6	0
000846	0
000846	0
000846	0
000846	0
0846	0
000846	0
000846	0
000846	0
000846	0
000846	0
	0
000846	0
000846	0
000846	0
46	0
000846	0
000846	0
000846	0
00846	0
000846	0
000846	0
000846	0
000846	0
000846	0
000846	0
6	0
000846	0
000846	0
000846	0
000846	0
846	0
000846	0
000846	0
000846	0
000846	0
000846	0
000846	0
000846	0
000846	0
000846	0
46	0
000846	0
000846	0
000846	0
00846	0
000846	0
000846	0
000846	0
000846	0
000846	0
6	0
000846	0
000846	0
000846	0
000846	0
846	0
000846	0
000846	0
000846	0
000846	0
000846	0
000846	0
000846	0
000846	0
000846	0
000846	0
46	0
000846	0
000846	0
000846	0
000846	0
0846	0
000846	0
000846	0
000846	0
000846	0
000846	0
000846	0
	0
000846	0
000846	0
000846	0
846	0
000846	0
000846	0
000846	0
000846	0
00846	0
000846	0
000846	0
000846	0
000846	0
000846	0
000846	0
6	0
000846	0
000846	0
000846	0
000846	0
0846	0
000846	0
000846	0
000846	0
000846	0
000846	0
	0
000846	0
000846	0
000846	0
000846	0
46	0
000846	0
000846	0
000846	0
000846	0
00846	0
000846	0
000846	0
000846	0
000846	0
000846	0
000846	0
6	0
000846	0
000846	0
000846	0
846	0
000846	0
000846	0
000846	0
000846	0
000846	0
000846	0
000846	0
000846	0
000846	0
46	0
000846	0
000846	0
000846	0
000846	0
00846	0
000846	0
000846	0
000846	0
000846	0
000846	0
	0
000846	0
000846	0
000846	0
000846	0
848	0
000848	0
000848	0
000848	0
000848	0
000848	0
000848	0
000848	0
000848	0
000848	0
000848	0
000848	0
48	0
000848	0
000848	0
000848	0
000848	0
0848	0
000848	0
000848	0
000848	0
000848	0
000848	0
000848	0
000848	0
000848	0
000848	0
848	0
000848	0
000848	0
000848	0
00848	0
000848	0
000848	0
000848	0
000848	0
000848	0
000848	0
8	0
000848	0
000848	0
000848	0
0848	0
000848	0
000848	0
000848	0
000848	0
000848	0
	0
000848	0
000848	0
000848	0
48	0
000848	0
000848	0
000848	0
000848	0
00848	0
000848	0
000848	0
000848	0
000848	0
000848	0
8	0
000848	0
000848	0
000848	0
000848	0
848	0
000848	0
000848	0
000848	0
000848	0
000848	0
000848	0
000848	0
000848	0
000848	0
000848	0
48	0
000848	0
000848	0
00848	0
00848	0
000848	0
000848	0
000848	0
000848	0
000848	0
8	0
000848	0
000848	0
000848	0
000848	0
848	0
000848	0
000848	0
000848	0
000848	0
000848	0
000850	0
000850	0
000850	0
000850	0
000850	0
50	0
000850	0
000850	0
000850	0
000850	0
0850	0
000850	0
000850	0
000850	0
000850	0
000850	0
000850	0
	0
000850	0
000850	0
000850	0
000852	0
852	0
000852	0
000852	0
000852	0
000852	0
00852	0
000852	0
000852	0
000852	0
000852	0
000852	0
2	0
000852	0
000852	0
000852	0
000852	0
000854	0
000854	0
000854	0
000854	0
000854	0
000854	0
	0
000854	0
000856	0
000856	0
000858	1
58	1
000860	2
000864	3
000864	4
00868	4
000870	5
000874	6
000876	7
000878	8
000880	9
000884	10
4	11
000888	12
000890	13
000892	14
000894	15
0896	16
000898	17
000902	18
000902	19
000904	21
000908	22
000910	23
000910	24
000914	25
000916	26
000918	27
20	28
000922	30
000926	31
000926	32
000928	33
00930	34
000932	35
000934	37
000936	38
000938	39
000938	40
000942	42
4	43
000946	44
000948	46
000948	47
000950	48
952	50
000956	52
000956	54
000958	55
000962	57
000962	58
000962	59
000964	61
000968	63
000970	64
70	65
000972	67
000974	68
000976	70
000978	71
0978	72
000980	74
000982	75
000984	77
000986	78
000986	79
000988	81
	82
000992	83
000994	85
000994	86
000996	88
000996	89
001002	91
001002	92
001004	94
01004	95
001008	96
001008	98
001010	99
001012	101
001012	102
001014	103
6	105
001018	106
001018	108
001020	109
001022	111
1022	112
001024	113
001026	114
001026	115
001028	117
001030	118
001030	119
001034	121
001036	122
001036	123
001038	125
38	126
001040	127
001042	129
001042	130
001044	131
01044	133
01044	135
001046	136
001048	137
001048	139
001050	140
001050	142
2	143
001054	146
001054	147
001056	149
1056	151
001056	152
001058	154
001060	155
001060	157
001060	158
001060	159
001062	161
001064	162
001064	164
001064	165
66	167
001066	168
001068	170
001068	171
001068	172
01070	174
001070	175
001070	177
001072	178
001072	179
001072	181
001072	182
4	183
001074	184
001076	183
001076	184
078	186
078	187
001078	188
001078	190
001078	191
001078	193
001080	194
001080	196
001080	197
001080	199
001078	201
001078	202
78	203
001078	205
001078	206
001078	208
001078	209
1078	211
001078	213
001078	214
001080	215
001080	217
001080	218
001080	219
001080	220
001080	221
001080	222
001080	223
080	225
001080	226
001080	227
001080	229
001080	231
01080	232
001080	234
001080	235
001080	237
001080	238
001080	240
001080	242
0	243
001080	245
001080	246
001080	248
001080	250
001080	251
001080	253
001080	255
001080	257
001080	259
001080	260
	262
001080	264
001080	266
001080	268
001080	270
80	272
001080	274
001080	275
001080	278
001080	279
01080	281
001080	283
001080	285
001080	287
001080	289
001080	291
001080	293
0	294
001080	293
001080	294
001080	296
1080	298
001080	300
001080	302
001080	304
001080	306
001080	307
001080	309
001080	310
001080	312
001080	314
001080	315
001080	317
80	318
001080	320
001080	321
001080	323
001080	325
001082	328
001082	329
001082	331
001082	333
001082	334
2	336
001082	338
001082	339
001082	341
001082	343
082	344
001084	346
001084	347
001084	350
001084	351
001084	353
001084	355
001084	357
001084	358
001084	360
001084	362
001084	364
84	366
001084	368
001084	370
001084	371
001084	373
1084	375
001084	377
001084	378
001086	381
001086	382
001086	384
	386
001086	387
001086	390
001086	391
088	391
001088	393
001088	395
001088	397
001088	399
01088	401
001088	403
001088	405
001090	406
001090	409
001090	410
001090	412
001090	414
001090	416
001090	418
001090	420
1090	422
001090	423
001090	426
001090	428
001090	430
001090	431
001090	433
	435
001090	437
001090	439
001090	441
001090	443
90	444
001090	446
001090	448
001090	450
001090	452
01090	454
001090	455
001092	459
001092	461
001092	463
001092	465
001092	466
001092	468
001092	470
001092	472
1092	474
001092	475
001092	477
001092	479
001092	481
001092	482
001092	484
001092	486
001092	488
001092	490
001094	491
001094	494
94	495
001094	497
001094	499
001094	501
001094	502
001094	504
001094	506
001094	508
001094	510
001094	512
001094	514
4	515
001094	518
001094	519
001094	521
001094	523
094	525
001094	527
001094	529
001094	531
001094	533
001094	535
001094	538
001094	539
001094	543
001090	542
001090	541
90	543
001088	545
001086	546
001086	550
001086	551
001088	554
001088	555
001088	557
001090	559
001090	561
001090	563
	564
001090	566
001090	568
001092	570
001092	571
092	573
001092	575
001092	577
001092	578
001092	581
001092	583
001092	585
001094	586
001094	588
001094	590
4	591
001094	593
001094	595
001094	597
001094	599
1094	600
1094	602
001094	604
001094	606
001094	608
001094	610
001094	611
	613
001094	615
001094	617
001094	621
94	623
001094	624
001094	626
001094	628
001094	630
001094	631
001094	633
001094	635
001094	637
001094	639
001094	641
4	643
001094	644
001094	646
001094	648
001094	650
1094	651
001094	654
001094	655
001094	657
001094	659
001094	661
001094	662
001094	664
001094	666
001094	668
001094	670
94	671
001094	673
001094	675
001094	677
001094	678
01094	680
001094	682
001094	683
001094	685
001094	687
001094	689
001094	690
4	692
001094	694
001094	696
001094	698
001094	699
094	701
001094	703
001094	705
001094	707
001094	709
001094	710
001094	712
001094	714
001094	716
001094	718
001094	719
94	722
001094	723
001094	727
001094	729
1094	731
001094	733
001094	734
001094	736
001094	738
001094	740
001094	742
	743
001094	746
001094	747
001094	749
001094	751
001094	753
001094	755
001094	757
001094	759
01094	761
001094	763
001094	765
001094	767
001096	769
001096	771
001096	773
6	775
001096	776
001096	779
001096	780
001096	782
001096	786
001096	788
001096	792
001096	794
	796
001096	798
001096	800
001096	802
001098	804
001098	808
001098	810
001098	812
001098	814
01098	815
001100	819
001100	821
001100	823
001102	825
001102	827
2	829
001104	831
001104	833
001106	834
001108	836
001110	838
001112	839
001114	841
001116	843
001118	845
001120	846
001120	845
001124	846
001128	850
001130	851
30	853
30	855
001134	857
001136	859
001138	861
01140	862
001142	864
001144	866
001144	868
001146	870
001148	871
001150	873
0	875
001154	877
001156	879
001156	881
001156	882
158	884
001162	886
001164	888
001166	890
001166	891
001168	893
001168	895
001172	896
001174	898
001174	900
001176	902
78	903
001178	906
001180	907
001182	909
001184	911
1184	913
001186	914
001188	916
001190	918
001190	920
001192	922
	923
	926
001198	927
001200	929
001202	931
202	933
001204	934
001206	936
001208	938
001208	939
01210	941
001212	943
001212	945
001214	946
001216	948
001218	950
001220	951
2	953
001224	955
001230	958
1230	960
1230	962
001236	963
001236	965
001240	967
001242	968
001244	970
	971
001248	973
001250	975
001252	977
001254	978
001258	981
001260	983
001262	985
001264	986
01266	988
001268	990
001270	991
001272	993
001274	994
001278	996
001278	998
001280	999
001280	1001
001286	1004
001286	1006
001290	1007
001292	1009
001294	1010
001296	1012
001296	1014
001300	1015
001300	1017
001304	1018
001306	1020
001306	1022
001308	1023
10	1025
001312	1026
001314	1028
001316	1029
001318	1028
01320	1029
001322	1030
001324	1032
001324	1033
001328	1035
001328	1037
2	1038
2	1039
001336	1041
001338	1043
001340	1045
342	1046
001344	1048
001346	1049
001350	1053
001352	1054
001352	1055
001354	1057
001358	1059
001360	1061
001360	1062
001364	1064
64	1066
001370	1066
001370	1066
1374	1068
1374	1069
001378	1071
001382	1073
001384	1074
001386	1076
001388	1078
	1079
001392	1081
001394	1083
001396	1084
001398	1083
001398	1083
400	1085
001404	1087
001408	1088
001410	1090
01412	1091
001414	1093
001414	1095
001420	1097
001424	1099
001424	1101
001428	1103
001430	1105
001432	1106
001434	1108
1436	1110
001438	1111
001442	1113
001442	1114
001442	1116
001446	1118
001450	1119
	1121
001454	1123
001456	1125
001458	1126
001460	1127
62	1129
001464	1131
001468	1132
001468	1134
01472	1135
001476	1137
001478	1139
001480	1140
001482	1142
001486	1145
8	1146
8	1147
001496	1151
001498	1152
001498	1153
001502	1155
001506	1157
001506	1158
001510	1159
001514	1163
001514	1164
001518	1166
001522	1167
001524	1169
001526	1171
001530	1173
001530	1174
001536	1176
001540	1178
01542	1179
001544	1181
001548	1183
001548	1185
001552	1186
001554	1188
001556	1190
8	1191
001562	1194
001564	1195
001566	1197
001570	1199
570	1201
001574	1202
001578	1203
001578	1202
001582	1203
001584	1205
001586	1207
001586	1209
001594	1211
001596	1212
001600	1214
02	1216
001604	1218
001608	1219
001610	1221
001612	1223
1614	1225
001618	1227
001622	1228
001624	1230
001626	1231
001628	1234
	1237
001636	1239
001640	1241
001640	1242
648	1246
001650	1247
001654	1249
001656	1251
001660	1253
001660	1254
001666	1256
001670	1258
001670	1259
001670	1262
001680	1263
2	1265
001688	1267
001690	1269
001692	1270
001692	1271
1698	1274
001702	1275
001706	1277
001708	1279
001710	1281
001712	1283
	1286
001726	1287
001726	1289
001728	1291
34	1293
34	1294
001740	1296
001740	1298
001746	1300
001752	1303
001756	1305
001758	1307
001762	1309
001764	1311
001768	1312
0	1314
0	1315
001778	1317
001780	1319
001784	1321
1786	1323
001790	1324
001794	1326
001800	1328
001800	1330
001802	1331
001806	1333
001806	1335
001812	1336
001818	1338
001822	1339
24	1342
001828	1343
001832	1345
001834	1346
001838	1348
01840	1350
01840	1351
001848	1353
001850	1355
001854	1357
001854	1358
001862	1360
4	1362
001866	1363
001872	1367
001874	1369
878	1370
001882	1371
001886	1374
001892	1375
001894	1377
001898	1378
001898	1380
001904	1381
001908	1383
001910	1385
001914	1386
16	1387
001920	1389
001920	1391
001926	1392
001930	1394
1932	1395
001936	1397
001940	1398
001942	1400
001946	1402
001948	1403
001954	1405
	1406
001964	1407
001966	1409
001970	1411
972	1412
972	1414
001980	1415
001982	1417
001986	1418
01988	1419
001992	1423
002000	1424
002004	1426
002006	1427
002010	1429
2	1430
002016	1432
002020	1433
002022	1435
002026	1436
2028	1438
002038	1439
002038	1441
002040	1442
002046	1443
002050	1445
	1447
002058	1448
002064	1450
002066	1451
002070	1453
72	1454
002076	1455
002080	1457
002084	1458
002088	1457
02090	1458
002094	1459
002100	1461
002102	1462
002106	1464
002108	1465
002112	1467
6	1468
002124	1471
002132	1473
002132	1474
002138	1476
002142	1478
002146	1479
002150	1481
002152	1482
002156	1483
002156	1485
002156	1487
002168	1488
002172	1490
002176	1491
78	1493
002184	1495
002188	1496
002190	1498
002196	1499
02198	1501
002202	1502
002208	1504
002210	1505
002218	1507
002218	1509
	1510
002230	1511
002230	1513
002234	1515
002242	1516
002250	1519
002256	1521
002258	1522
002262	1524
002266	1526
002270	1527
002270	1529
002278	1530
002286	1531
002288	1533
002292	1535
002300	1538
002306	1539
002314	1542
002320	1543
002326	1545
002328	1547
002334	1548
002336	1550
002342	1551
	1552
	1554
002354	1555
002356	1554
364	1556
002370	1557
002376	1559
002378	1560
002384	1562
02386	1563
002392	1563
002392	1562
002400	1563
002404	1565
002406	1566
002412	1567
4	1568
002420	1567
002426	1567
002434	1569
002434	1570
002434	1571
002442	1573
002448	1574
002448	1576
002454	1578
002462	1579
	1581
002470	1582
002476	1583
002478	1585
002484	1587
86	1588
002492	1590
002498	1591
002500	1593
002506	1594
02508	1596
002516	1598
002522	1599
002530	1601
002530	1603
002538	1604
0	1606
002546	1607
002552	1609
002552	1610
002560	1612
562	1614
002568	1615
002574	1617
002576	1619
002582	1621
002584	1622
002590	1624
002590	1626
002598	1627
002604	1629
002604	1631
002612	1632
16	1634
002622	1635
002626	1637
002636	1638
002636	1640
002644	1642
002652	1645
002658	1647
002662	1649
002666	1650
	1651
002676	1654
002676	1655
002684	1657
002690	1658
692	1660
002698	1661
002704	1663
002708	1665
002712	1666
002716	1667
002716	1670
002722	1671
002730	1672
002736	1674
002744	1676
48	1677
48	1679
002760	1682
002768	1683
2770	1685
002776	1687
002786	1688
002788	1690
002794	1691
002794	1690
002802	1691
	1692
002812	1694
002818	1695
002820	1697
002826	1698
828	1699
002834	1701
002840	1703
002842	1705
002846	1706
02848	1708
002854	1710
002860	1711
002862	1714
002864	1716
002866	1719
6	1722
002860	1725
002850	1727
002846	1729
002838	1731
2834	1732
002828	1734
002820	1736
002814	1738
002806	1739
002802	1741
002802	1743
	1744
002806	1746
002810	1747
002812	1749
002816	1751
002824	1753
002824	1754
002830	1755
002838	1757
02842	1756
002848	1757
002852	1759
002856	1761
002856	1762
002860	1764
002868	1766
0	1768
0	1770
0	1771
002876	1774
002880	1775
882	1777
002882	1779
002882	1781
002882	1782
002882	1784
002882	1786
002880	1788
002880	1790
002880	1791
002880	1794
002880	1795
80	1798
002880	1799
002882	1801
002882	1803
002882	1806
02882	1807
002880	1809
002878	1811
002878	1813
002878	1814
002878	1816
002876	1818
002878	1823
002878	1825
002880	1827
880	1829
002882	1831
002884	1833
002886	1834
002886	1836
002888	1838
002888	1839
002890	1841
002890	1843
002890	1844
002892	1846
92	1848
002892	1850
002892	1851
002892	1853
002890	1855
2890	1857
002890	1858
002890	1859
002890	1858
002888	1859
002888	1861
002890	1863
	1865
002892	1867
002892	1868
002894	1870
894	1873
894	1874
002894	1876
002894	1878
002894	1879
02892	1881
002890	1883
002890	1885
002888	1887
002886	1888
002884	1890
002882	1891
2	1893
002880	1895
002878	1897
002878	1898
2876	1900
2876	1902
002874	1903
002874	1905
002874	1907
002874	1909
	1913
	1914
002872	1916
002872	1918
002870	1919
68	1921
68	1923
002868	1924
002868	1926
002870	1927
02870	1930
002872	1931
002874	1933
002876	1934
002876	1936
002878	1938
002880	1939
0	1941
002882	1942
002886	1943
002886	1945
002890	1946
002902	1950
002904	1956
002904	1957
002912	1958
002906	1959
002894	1960
002894	1962
002888	1963
002888	1965
94	1966
94	1969
002916	1977
002922	1978
002930	1978
2922	1978
002904	1978
002900	1977
002900	1977
002896	1978
002886	1980
002888	1982
	1983
002904	1985
002920	1986
002928	1988
948	1989
002958	1991
002966	1993
002970	1995
002976	1996
002978	1998
002982	1999
002982	2001
002988	2003
002992	2005
002992	2006
8	2010
003002	2011
003004	2012
003006	2014
003008	2016
3010	2018
003014	2019
003016	2021
003018	2022
003022	2024
	2027
	2029
003032	2031
003034	2033
003036	2034
038	2035
003042	2037
003042	2039
003048	2042
03050	2044
003052	2045
003052	2047
003056	2048
003060	2050
003060	2051
003064	2053
4	2054
003068	2055
003070	2057
003072	2058
3076	2059
003080	2063
003084	2064
003086	2066
003088	2067
003088	2069
	2070
003094	2071
003094	2073
003098	2075
003102	2077
02	2079
003106	2081
003108	2082
003110	2084
003110	2086
03112	2087
003112	2089
003116	2091
003118	2093
003120	2094
003122	2096
003122	2098
4	2100
003128	2102
003132	2103
003136	2105
136	2107
003140	2109
003142	2110
003144	2112
003146	2113
003148	2112
003148	2114
003150	2115
003154	2118
003156	2119
003158	2122
003160	2124
62	2125
62	2127
003164	2129
003166	2130
003166	2132
3168	2134
003170	2136
003172	2138
003176	2140
003176	2142
003182	2143
	2145
003188	2147
003188	2149
003188	2151
003194	2153
196	2155
196	2156
003200	2158
003200	2160
003204	2162
003204	2164
003208	2166
003208	2168
003212	2170
003214	2172
003216	2175
16	2177
003216	2179
003216	2181
003218	2182
003220	2185
003224	2187
003228	2188
003228	2190
003230	2192
003236	2191
003238	2191
003242	2195
003244	2197
003246	2199
003248	2201
250	2203
003252	2205
003254	2207
003256	2209
003258	2210
03258	2212
003262	2214
003262	2222
003266	2221
003268	2223
003268	2225
003256	2226
003256	2226
003240	2227
003240	2229
003240	2231
3232	2233
003240	2235
003254	2237
003260	2239
003270	2240
003274	2242
003274	2244
	2246
003288	2248
003292	2250
003294	2251
003296	2253
003296	2255
98	2257
003302	2258
003302	2260
003304	2262
003308	2263
003308	2265
003312	2266
003314	2268
003314	2270
003318	2271
0	2273
003322	2275
003326	2276
003326	2277
003330	2279
330	2280
003332	2282
003332	2283
003336	2285
003340	2286
003340	2288
003342	2289
003342	2291
003346	2293
003348	2294
003350	2295
003352	2297
003356	2299
003358	2300
003358	2302
003360	2303
003360	2305
3362	2306
003366	2308
003366	2309
003370	2311
003370	2312
003374	2320
	2321
003376	2322
003360	2323
003348	2323
003332	2324
332	2325
003332	2326
003310	2327
003316	2330
003324	2331
003328	2333
003344	2334
003364	2335
003364	2337
003380	2339
003388	2341
90	2343
90	2342
003398	2342
003402	2345
3404	2347
003406	2349
003408	2351
003408	2353
003410	2354
003412	2354
003414	2353
	2355
003418	2357
003420	2359
003420	2361
003424	2362
424	2362
003428	2361
003430	2363
003434	2365
03434	2367
03434	2369
003436	2370
003436	2372
003440	2374
003442	2375
003446	2377
8	2379
8	2381
8	2383
003452	2384
003454	2386
003454	2387
003458	2389
003460	2391
003462	2393
003464	2395
003464	2396
003466	2398
	2399
003470	2401
003472	2403
003472	2405
003472	2407
003478	2408
003482	2410
003482	2411
003484	2414
03486	2415
003488	2417
003490	2419
003492	2421
003494	2422
003494	2424
003494	2426
003496	2427
003496	2429
003502	2431
003502	2433
003506	2434
506	2436
506	2438
003510	2440
003512	2442
003514	2443
003514	2445
003516	2447
003516	2448
003522	2450
003522	2452
003524	2454
26	2455
26	2457
003530	2459
003530	2462
003532	2462
3534	2464
003536	2466
003536	2468
003538	2470
003540	2471
003540	2473
003542	2475
	2475
003546	2474
003548	2476
003548	2478
003550	2479
003550	2481
003556	2483
003558	2484
003560	2486
003560	2488
003560	2490
003562	2491
003562	2493
003568	2492
003568	2493
003570	2494
72	2496
003574	2497
003576	2496
003576	2498
003578	2499
3580	2501
003582	2503
003584	2504
003584	2507
003586	2507
003588	2510
003590	2511
003590	2513
003592	2515
003596	2517
003598	2518
598	2520
003600	2522
003600	2523
003604	2525
003606	2527
003606	2529
003608	2530
003608	2538
003610	2539
003610	2541
003586	2542
003562	2542
4	2543
003550	2545
003538	2547
003528	2549
3532	2551
003544	2553
003570	2555
003586	2557
003592	2559
	2562
003618	2564
003618	2566
003626	2567
003628	2569
30	2578
30	2577
30	2579
003622	2581
003602	2581
03594	2582
003592	2583
003592	2584
003578	2586
003582	2589
003584	2591
003594	2593
2	2594
003616	2595
003626	2597
003632	2599
003640	2602
642	2604
642	2606
003652	2607
003654	2609
003656	2610
003656	2613
003656	2615
003660	2617
003662	2619
003664	2621
003666	2622
66	2624
003668	2626
003670	2628
003670	2630
003672	2632
03674	2634
003676	2636
003678	2637
003678	2639
003680	2642
003680	2643
003682	2646
	2647
003688	2649
003688	2651
003690	2653
692	2655
003692	2657
003694	2659
003696	2661
003696	2662
003698	2664
003698	2666
003700	2667
003700	2669
003704	2671
003706	2673
003706	2674
08	2675
003710	2676
003712	2675
003712	2677
003714	2678
3716	2680
003718	2681
003720	2683
003722	2685
003724	2686
003724	2688
003724	2690
003728	2691
003730	2693
003730	2695
003732	2696
734	2698
003734	2700
003736	2702
003738	2703
003740	2705
03740	2707
003742	2709
003742	2710
003744	2712
003746	2714
003746	2715
003748	2718
003750	2719
003750	2721
003752	2722
003754	2724
3756	2726
003758	2727
003758	2730
003760	2731
003762	2733
003762	2735
003764	2736
	2738
003766	2740
003768	2742
003768	2743
003768	2745
72	2747
72	2748
003774	2750
003776	2752
003778	2754
03778	2755
003780	2757
003782	2759
003782	2760
003784	2762
003786	2763
6	2766
003788	2767
003788	2769
003790	2770
003790	2772
792	2774
792	2775
003796	2778
003796	2779
003798	2782
003798	2782
003798	2784
003798	2786
003804	2788
003804	2789
003804	2791
003804	2793
06	2794
003808	2796
003808	2798
003810	2799
03814	2801
003816	2803
003816	2804
003816	2806
003820	2806
003822	2807
	2809
003824	2811
003824	2812
003826	2814
003826	2815
828	2817
003830	2819
003830	2821
003830	2822
003832	2824
003834	2826
003836	2827
003836	2829
003838	2831
003838	2833
003840	2834
003840	2836
003844	2838
003844	2839
003844	2841
003846	2843
3848	2845
003848	2847
003850	2849
003850	2850
003850	2852
003852	2854
003854	2855
	2858
	2859
	2861
003858	2863
003860	2865
860	2867
003862	2869
003864	2870
003864	2872
003866	2874
03866	2876
003868	2878
003868	2879
003872	2881
003872	2883
003872	2885
4	2887
003876	2889
003876	2891
003878	2892
003878	2894
003878	2896
003880	2898
003882	2899
003882	2902
003884	2915
003884	2914
003886	2914
	2915
003842	2916
003816	2916
003816	2917
003816	2918
003816	2919
14	2921
003786	2923
003788	2925
03820	2926
003838	2927
003854	2929
003854	2931
003872	2934
003878	2935
003878	2937
003886	2939
003894	2940
003896	2942
003898	2944
003900	2946
900	2948
003902	2950
003904	2951
003904	2953
003906	2955
003906	2957
003908	2959
003908	2961
003910	2963
003910	2965
003912	2966
003912	2968
003914	2972
003916	2974
003918	2976
03918	2978
003920	2979
003920	2981
003920	2983
003922	2985
003922	2987
003924	2989
003926	2990
003926	2992
003926	2994
003928	2995
003930	2998
930	2999
003932	3001
003934	3003
003934	3004
003936	3006
003936	3009
003936	3010
003936	3011
003940	3013
003940	3015
003942	3016
42	3018
003944	3021
003944	3022
003944	3023
003946	3025
3946	3027
003948	3028
003950	3030
003950	3031
003952	3034
003952	3035
003952	3037
	3039
003954	3040
003956	3042
003956	3044
958	3046
958	3048
003960	3050
003960	3052
003962	3054
03962	3055
003964	3058
003964	3059
003966	3063
003968	3064
003968	3066
003968	3067
0	3069
003970	3073
003972	3075
003972	3077
3974	3079
003976	3081
003976	3083
003976	3085
003978	3087
003978	3089
003980	3091
	3093
003982	3094
003982	3097
003984	3098
003984	3100
003984	3102
003986	3104
003986	3106
003986	3108
03988	3110
003990	3112
003990	3114
003992	3116
003992	3118
003994	3119
003994	3122
4	3123
003996	3126
003996	3127
003998	3130
003998	3131
000	3134
004002	3135
004002	3137
004002	3139
004002	3141
004004	3143
004004	3145
004004	3148
004004	3149
004008	3151
004008	3153
004010	3157
004012	3158
004012	3160
004012	3162
04014	3164
004014	3166
004016	3167
004016	3169
004018	3171
004018	3173
004020	3174
004020	3176
004020	3178
004020	3180
004020	3181
024	3183
004024	3187
004026	3188
004026	3190
004028	3192
004028	3194
004028	3195
004030	3197
004030	3199
004030	3200
004032	3202
32	3204
004034	3205
004034	3207
004034	3209
004036	3210
4036	3212
004038	3214
004038	3215
004038	3217
004040	3218
004040	3220
	3222
004042	3223
004044	3225
004044	3227
004044	3228
046	3230
004046	3232
004048	3234
004048	3235
004048	3238
04050	3239
04050	3241
004050	3242
004052	3244
004052	3246
004054	3247
004054	3249
004056	3251
004056	3253
004056	3255
004056	3256
4058	3258
4058	3260
004060	3263
004062	3265
004062	3267
004064	3268
004064	3270
004064	3272
004064	3274
004066	3275
004066	3279
004066	3279
004068	3281
004068	3282
004070	3286
004070	3286
04070	3287
004072	3290
004072	3291
004072	3293
004074	3295
004074	3296
004074	3299
004076	3300
004076	3302
004078	3303
004078	3306
078	3307
004080	3309
004080	3310
004080	3312
004082	3314
004082	3315
004084	3318
004084	3319
004084	3321
004084	3323
004086	3325
004086	3328
86	3330
004088	3331
004088	3334
004090	3335
04090	3337
004090	3339
004092	3341
004092	3342
004094	3346
004094	3347
4	3349
004096	3351
004096	3353
004096	3355
098	3356
004098	3360
004098	3360
004098	3362
004100	3363
004100	3366
004102	3367
004102	3369
004102	3371
004104	3372
004104	3374
004104	3376
004104	3378
004106	3388
004106	3389
004106	3390
004078	3390
004044	3391
004044	3391
004044	3392
004028	3393
004014	3395
004014	3397
	3398
004040	3400
004056	3402
004064	3405
084	3407
004102	3411
004102	3411
004106	3412
004110	3414
004114	3417
004114	3418
004114	3419
004114	3421
004116	3423
004116	3424
004118	3426
8	3427
004120	3430
004120	3431
004120	3433
4122	3435
004122	3438
004122	3438
004124	3440
004124	3442
004124	3446
004124	3446
004124	3449
	3450
004126	3452
004126	3454
004126	3456
28	3458
004128	3460
004130	3462
004130	3465
004130	3466
04130	3468
004132	3470
004132	3472
004132	3474
004134	3476
004134	3475
004134	3476
4	3478
004136	3480
004136	3482
004138	3484
138	3486
004138	3487
004138	3490
004140	3492
004140	3495
004140	3496
004140	3498
004140	3500
004140	3502
004142	3503
004142	3506
004142	3507
004144	3510
004144	3512
004144	3514
004144	3515
004146	3518
04146	3519
004148	3524
004148	3525
004148	3526
004148	3527
004148	3530
	3533
004150	3533
004150	3535
004152	3538
004152	3539
152	3541
004154	3543
004154	3545
004154	3547
004154	3549
004154	3551
004154	3553
004156	3555
004156	3557
004158	3559
004158	3561
004158	3563
58	3565
58	3566
004158	3565
004160	3569
4160	3571
004162	3573
004162	3575
004162	3576
004164	3579
004164	3580
	3583
	3584
004166	3587
004166	3588
004166	3590
166	3592
004168	3594
004168	3596
004168	3598
004170	3600
04170	3602
004170	3605
004170	3605
004172	3604
004172	3606
004172	3608
004172	3610
004174	3611
004174	3612
004174	3614
004174	3615
004176	3618
004176	3619
004176	3621
004176	3623
004178	3626
	3628
	3627
004180	3627
004180	3629
004180	3631
004182	3633
004182	3634
004182	3636
004182	3638
04182	3640
04182	3641
004184	3643
004184	3644
004184	3646
004186	3648
004186	3650
004186	3651
004186	3653
004186	3655
004188	3656
004188	3658
188	3660
004188	3662
004190	3663
004190	3665
004190	3667
004190	3668
004192	3668
004192	3670
004192	3673
004194	3675
004194	3676
004194	3678
004194	3680
004196	3682
04196	3683
004196	3685
004196	3686
004196	3688
004198	3690
004198	3691
004198	3693
004198	3694
004198	3696
004200	3698
004200	3699
004200	3701
004200	3703
004200	3705
004202	3708
004202	3709
004202	3710
004202	3712
004202	3715
004202	3715
004202	3718
004204	3719
004204	3721
06	3723
004206	3725
004206	3727
004206	3728
004206	3730
004206	3732
4206	3734
004208	3735
004208	3738
004208	3740
004208	3741
004210	3743
004210	3745
004210	3746
004210	3748
004210	3750
004212	3752
004212	3754
004212	3755
004212	3757
004212	3760
04214	3761
004214	3761
004214	3763
004214	3764
004214	3766
004216	3768
6	3770
004216	3771
004216	3773
004216	3775
004218	3777
004218	3779
004218	3782
004218	3782
004218	3784
004220	3786
004220	3788
004220	3790
004220	3791
004222	3793
004222	3795
004222	3797
004222	3799
004222	3800
004222	3802
004224	3804
004224	3806
04224	3808
04224	3809
004224	3811
004224	3813
004226	3814
004226	3813
004226	3814
6	3815
004228	3818
004228	3819
004228	3821
004228	3822
004228	3824
228	3826
004228	3829
004230	3831
004230	3833
004230	3835
004230	3836
004230	3838
004232	3840
004232	3842
32	3843
32	3845
32	3847
004234	3849
004234	3850
004234	3853
004234	3855
004234	3856
004234	3858
004236	3859
004236	3862
004236	3863
6	3865
004236	3867
004236	3870
004236	3871
004238	3873
004238	3875
004238	3877
004238	3878
004238	3881
004240	3882
004240	3884
004240	3886
004240	3888
004240	3890
004240	3892
004240	3894
42	3896
42	3898
004242	3900
004242	3902
004242	3904
4242	3906
4242	3909
4242	3910
004244	3912
004244	3914
004244	3917
004244	3918
	3919
004246	3922
004246	3923
004246	3925
004246	3927
246	3930
246	3931
004246	3933
004248	3935
04248	3938
004248	3939
004248	3941
004248	3943
004248	3945
004248	3947
004250	3949
0	3951
004250	3953
004250	3955
004250	3957
004250	3959
004252	3961
004252	3963
004252	3965
004252	3967
004252	3969
004252	3971
	3970
004254	3971
004254	3973
004254	3975
004254	3977
54	3979
54	3981
004254	3983
004256	3986
004256	3987
04256	3989
004256	3991
004256	3993
004256	3995
004256	3997
004256	3999
004258	4003
004258	4005
004258	4007
004258	4009
004258	4011
004258	4013
004258	4015
004260	4017
004260	4019
004260	4021
004260	4023
004260	4025
004260	4029
004260	4031
004260	4033
004260	4035
62	4037
004262	4039
004262	4041
004262	4043
004262	4045
004264	4047
004264	4049
004264	4051
004264	4053
004264	4055
004264	4057
004264	4061
004264	4061
004264	4063
004266	4065
266	4068
004266	4069
004266	4071
004266	4073
004266	4075
004266	4077
004266	4079
004266	4081
004266	4083
004268	4085
004268	4087
004268	4089
68	4092
68	4093
004268	4095
004268	4097
004268	4099
004268	4101
004270	4103
004270	4105
004270	4107
004270	4109
004270	4111
004270	4113
004270	4115
004272	4117
004272	4119
004272	4121
272	4123
004272	4125
004272	4127
004272	4130
004272	4130
04272	4133
004272	4134
004274	4136
004274	4138
004274	4140
004274	4142
004274	4143
4	4145
004274	4147
004274	4150
004274	4151
4276	4151
4276	4153
004276	4155
004276	4156
004276	4158
004276	4157
	4160
004278	4162
004278	4163
004278	4165
004278	4165
004278	4166
004278	4166
004278	4167
04278	4169
004280	4171
004280	4173
004280	4174
004280	4176
004280	4178
004280	4179
0	4181
004280	4183
004280	4184
004280	4183
004280	4184
004280	4187
4282	4188
004282	4189
004282	4191
004282	4190
004282	4190
004282	4192
004282	4194
004282	4196
004282	4197
004282	4199
004284	4201
84	4202
004284	4204
004284	4206
004284	4207
004284	4209
04284	4211
004284	4213
004284	4214
004284	4216
004284	4218
004286	4220
6	4221
6	4220
004286	4221
004286	4227
004286	4227
004286	4228
004286	4228
004286	4230
004286	4232
004288	4234
004288	4235
004288	4237
004288	4239
004288	4241
004288	4243
004288	4245
004288	4246
004288	4246
004288	4246
004288	4247
004288	4249
4288	4251
4288	4253
004290	4254
004290	4257
004290	4258
004290	4259
004290	4262
	4263
004290	4265
004290	4267
004290	4269
290	4272
004292	4274
004292	4276
004292	4278
04292	4279
004292	4281
004292	4283
004292	4285
004292	4286
004292	4289
004292	4290
2	4292
004292	4294
004292	4296
004294	4298
004294	4300
004294	4303
4294	4304
4294	4306
4294	4308
4294	4311
004294	4312
004294	4314
004294	4316
004294	4319
	4320
004294	4322
96	4324
96	4326
004296	4328
004296	4330
004296	4333
004296	4334
004296	4333
004296	4334
004296	4336
004296	4338
004296	4340
004296	4342
004296	4344
6	4346
004296	4348
004296	4350
004296	4352
004298	4354
004298	4357
004298	4358
004298	4359
004298	4362
004298	4364
004298	4366
004298	4367
004298	4370
004298	4372
004298	4371
98	4372
004298	4374
004298	4375
004298	4378
004298	4380
04300	4383
04300	4384
04300	4386
004300	4387
004300	4393
004300	4393
004300	4394
004300	4395
004300	4400
004300	4402
004300	4401
300	4402
004300	4404
004300	4406
004300	4408
004300	4410
004302	4412
004302	4414
004302	4416
004302	4418
004302	4420
004302	4422
02	4424
004302	4426
004302	4428
004302	4427
004302	4427
004302	4430
004302	4431
004302	4434
004302	4435
004302	4438
004302	4439
004302	4442
004304	4445
004304	4445
004304	4447
004304	4450
304	4452
004304	4453
004304	4455
004304	4458
04304	4460
04304	4461
004304	4463
004304	4465
004304	4467
004304	4469
004304	4471
004304	4473
004304	4477
004304	4479
004304	4483
004304	4483
4304	4485
004306	4487
004306	4489
004306	4491
004306	4493
004306	4495
004306	4501
004306	4503
004306	4504
004306	4506
004306	4508
004306	4510
004306	4511
004306	4514
04306	4515
04306	4517
004306	4519
004306	4521
004306	4523
004306	4524
004306	4526
6	4528
004308	4530
004308	4531
004308	4534
4308	4536
004308	4537
004308	4539
004308	4540
004308	4543
004308	4544
004308	4546
004308	4547
004308	4550
004308	4551
004308	4552
004308	4554
004308	4556
08	4558
004308	4559
004308	4561
004308	4562
04308	4564
004308	4569
004308	4569
004308	4570
004308	4571
004310	4573
004310	4574
004310	4576
004310	4578
004310	4579
004310	4581
004310	4583
310	4585
310	4586
004310	4588
004310	4590
004310	4592
004310	4593
004310	4595
004310	4597
004310	4598
004310	4600
004310	4602
004310	4603
004310	4605
004310	4607
004310	4609
004310	4610
004310	4612
004310	4614
004310	4615
004310	4617
004310	4619
004312	4621
	4622
	4624
004312	4626
004312	4628
004312	4630
312	4631
004312	4633
004312	4635
004312	4637
004312	4638
04312	4640
004312	4642
004312	4644
004312	4646
004312	4647
004312	4649
004312	4651
2	4653
004312	4655
004312	4656
004312	4658
004312	4660
004312	4662
004312	4663
004312	4666
004312	4668
004312	4669
004312	4671
004312	4673
	4674
004312	4676
004312	4678
004312	4679
004312	4681
004312	4683
004312	4685
004312	4686
004312	4688
04314	4690
004314	4692
004314	4694
004314	4695
004314	4698
004314	4699
004314	4701
004314	4703
004314	4705
004314	4706
004314	4708
4314	4711
4314	4711
004314	4714
004314	4715
004314	4718
004314	4719
004314	4722
004314	4725
004314	4726
004314	4728
004314	4730
004314	4731
14	4734
004314	4735
004314	4738
04314	4739
04314	4742
004314	4746
004314	4747
004314	4750
004314	4751
004314	4753
4	4755
004314	4758
004314	4759
004314	4761
314	4765
314	4765
004314	4767
004314	4769
004314	4771
004314	4773
004314	4775
004314	4777
004314	4778
004314	4777
004314	4779
004314	4781
004314	4783
004314	4787
004314	4789
004314	4791
4314	4794
004314	4795
004314	4797
004314	4799
004314	4802
004314	4803
004314	4805
004314	4808
004314	4809
004314	4811
004314	4813
004314	4816
004314	4817
314	4819
004316	4821
004316	4824
004316	4825
04316	4827
04316	4829
004316	4831
004316	4833
004316	4835
004316	4837
004316	4839
004316	4841
004316	4843
004316	4847
004316	4847
004316	4849
004316	4850
004316	4851
004316	4853
004316	4855
	4857
	4858
004316	4859
004316	4861
16	4863
16	4865
004316	4867
004316	4869
04316	4871
04316	4873
004316	4876
004316	4877
004316	4879
004316	4880
004316	4883
6	4885
6	4886
004316	4889
004316	4891
004316	4893
4316	4894
4316	4897
004316	4899
004316	4901
004316	4903
004316	4905
004316	4907
	4909
004316	4911
004316	4913
004316	4914
16	4917
004316	4919
004316	4920
004316	4922
004316	4925
004316	4927
004316	4928
004316	4930
004316	4932
004316	4935
004316	4936
004316	4938
6	4940
004316	4943
004316	4946
004316	4947
004316	4951
004316	4951
004316	4953
004316	4955
004316	4958
004316	4959
004316	4961
004316	4963
004316	4965
004316	4966
004316	4968
16	4971
16	4972
004314	4974
004314	4976
004314	4978
004314	4979
004314	4982
4314	4983
4314	4985
004314	4987
004314	4989
004314	4990
004314	4992
	4994
004314	4995
004314	4998
004314	4999
004314	5001
004314	5003
004314	5005
004314	5006
04314	5007
04314	5007
004314	5007
004314	5009
004314	5010
004314	5012
004314	5014
004314	5015
004314	5017
004314	5019
004314	5021
004314	5024
004314	5024
4314	5023
004314	5023
004314	5026
004314	5027
004314	5029
	5031
	5033
004314	5034
004314	5036
004314	5038
004314	5039
14	5041
004314	5043
004314	5045
004314	5047
004314	5049
004314	5050
004314	5052
004314	5054
004314	5056
004314	5057
004314	5059
004314	5061
004314	5063
004314	5065
004314	5065
004314	5064
4314	5066
004314	5067
004314	5070
004314	5072
004314	5073
004314	5077
004314	5078
004314	5080
004314	5082
004314	5083
004314	5087
004314	5087
14	5089
004314	5091
004314	5093
04314	5094
004314	5098
004314	5099
004314	5098
004314	5099
004314	5102
4	5102
004314	5104
004312	5106
004312	5107
004312	5109
312	5111
004312	5113
004312	5114
004312	5116
004312	5119
004312	5119
004312	5121
004312	5123
004312	5125
004312	5126
004312	5128
004312	5130
004312	5131
004312	5133
004312	5135
004312	5137
004312	5139
004312	5140
004312	5139
004312	5140
004312	5142
004312	5145
004312	5146
004312	5147
004312	5149
004312	5151
004312	5153
312	5155
312	5156
004312	5158
004312	5160
004312	5162
04312	5163
004312	5166
004312	5167
004312	5169
004312	5171
004312	5173
004312	5175
004312	5177
004312	5179
004312	5181
004312	5182
004312	5185
004312	5187
004312	5188
004310	5190
004310	5192
004310	5195
004310	5196
004310	5198
	5200
004310	5202
004310	5204
10	5208
10	5210
004310	5213
004310	5214
004310	5216
004310	5218
004310	5221
004310	5222
004310	5226
004310	5226
004310	5227
0	5226
004310	5229
004310	5232
004310	5235
4310	5234
004310	5234
004310	5237
004310	5239
004310	5241
004310	5243
004310	5245
004310	5247
004310	5249
004310	5253
004310	5255
004310	5257
10	5259
004308	5263
004308	5264
004308	5265
004308	5264
004308	5265
004308	5267
004308	5269
004308	5271
004308	5274
004308	5275
004308	5277
004308	5279
004308	5282
004308	5283
308	5286
308	5287
004308	5291
004308	5292
004308	5291
004308	5291
004308	5291
004308	5291
004308	5294
004308	5295
004308	5299
08	5299
08	5302
08	5303
004306	5307
004306	5307
004306	5310
004306	5315
004306	5315
004306	5317
004306	5319
004306	5322
004306	5323
004306	5325
004306	5327
004306	5330
004306	5331
004306	5333
306	5335
306	5336
004306	5338
004306	5340
004306	5344
004306	5345
04306	5346
004306	5347
004306	5352
004306	5353
004306	5354
004306	5355
004306	5357
004306	5358
004306	5359
004306	5362
004304	5362
004304	5364
004304	5366
004304	5368
004304	5367
004304	5367
	5369
004304	5373
004304	5373
004304	5374
004304	5376
004304	5379
004304	5379
004304	5381
004304	5383
04304	5387
04304	5387
04304	5388
004304	5390
004304	5391
004304	5393
004304	5395
4	5397
004304	5398
004304	5400
004304	5403
004304	5406
004302	5407
004302	5410
004302	5411
004302	5413
004302	5415
004302	5417
004302	5418
004302	5421
004302	5422
004302	5424
02	5426
02	5429
004302	5430
004302	5434
04302	5435
004302	5437
004302	5439
004302	5441
004302	5442
004302	5444
2	5446
2	5447
004302	5450
004302	5451
004302	5450
004300	5451
004300	5453
004300	5455
004300	5456
004300	5458
004300	5460
004300	5462
004300	5463
004300	5466
004300	5467
004300	5469
00	5471
00	5473
004300	5478
004300	5479
004300	5479
004300	5480
004300	5482
004300	5483
004300	5485
004298	5491
004298	5491
	5492
	5494
004298	5496
004298	5498
004298	5499
298	5501
004298	5504
004298	5505
004298	5506
004298	5507
004298	5510
004298	5511
004298	5513
004298	5515
004298	5517
004298	5518
8	5520
004296	5525
004296	5525
004296	5526
004296	5527
004296	5529
004296	5531
004296	5533
004296	5535
004296	5537
004296	5538
004296	5540
004296	5542
	5545
004296	5546
004296	5547
004296	5550
96	5551
004296	5553
004296	5555
004296	5556
04296	5555
04296	5557
004294	5558
004294	5560
004294	5562
004294	5565
4	5564
004294	5565
004294	5567
004294	5569
004294	5571
294	5573
004294	5574
004294	5576
004294	5578
004294	5582
004294	5584
004294	5586
004292	5587
004292	5590
004292	5591
92	5595
92	5595
004292	5597
004292	5599
04292	5602
04292	5603
004292	5605
004292	5606
004292	5609
004292	5610
004292	5611
004292	5610
004292	5612
	5614
004290	5618
004290	5619
290	5622
004290	5624
004290	5626
004290	5627
004290	5630
004290	5632
004290	5634
004290	5636
004290	5638
004290	5640
004290	5642
88	5644
004288	5649
004288	5649
004288	5650
004288	5652
4288	5656
004288	5657
004288	5658
004288	5660
004288	5662
004288	5664
004288	5666
004288	5668
004288	5670
004286	5672
004286	5674
286	5677
004286	5679
004286	5680
004286	5682
004286	5685
04286	5686
004286	5688
004286	5690
004286	5693
004286	5694
004286	5696
004284	5698
004284	5700
4	5702
004284	5704
004284	5706
004284	5707
4284	5710
004284	5711
004284	5713
004284	5715
004284	5717
004284	5719
	5721
	5722
004282	5721
004282	5722
004282	5724
004282	5726
82	5727
004282	5729
004282	5728
004282	5729
04282	5730
004282	5733
004282	5734
004282	5737
004282	5738
004280	5739
004280	5741
004280	5745
004280	5746
004280	5747
004280	5749
004280	5751
004280	5752
280	5754
004280	5756
004278	5759
004278	5759
004278	5761
004278	5763
004278	5766
004278	5767
004278	5769
004278	5770
004278	5772
004278	5774
004278	5776
04276	5778
04276	5782
004276	5782
004276	5783
004276	5785
004276	5789
004276	5789
004276	5791
004276	5793
	5795
004274	5796
004274	5798
004274	5800
004274	5802
004274	5803
004274	5802
004274	5806
004274	5806
004274	5807
004272	5810
004272	5811
004272	5813
004272	5815
004272	5817
004272	5819
72	5821
004270	5823
004270	5825
004270	5827
004270	5828
004270	5828
004270	5829
004270	5830
004270	5832
004268	5836
004268	5837
004268	5838
	5839
004268	5843
004268	5843
004266	5845
266	5847
266	5849
004266	5851
004266	5853
004266	5855
04264	5859
04264	5859
004264	5861
004264	5862
004264	5864
004264	5866
004264	5868
004262	5870
004262	5872
004262	5874
004262	5875
4262	5878
004260	5879
004260	5882
004260	5883
004260	5885
004260	5887
004260	5889
	5894
	5894
	5895
004258	5897
004258	5898
004258	5901
004258	5902
004256	5904
004256	5906
004256	5908
004256	5910
004254	5911
004254	5914
004254	5916
004254	5917
004252	5921
004252	5923
004252	5925
004252	5926
004250	5928
004250	5930
004250	5932
250	5934
004248	5939
004248	5939
004248	5939
004248	5941
004246	5943
004246	5946
004246	5947
004246	5949
004244	5950
44	5952
004244	5954
004242	5956
004242	5958
004242	5959
04242	5962
004240	5964
004240	5965
004240	5967
004238	5969
004238	5971
	5973
	5975
	5977
004236	5978
004236	5980
004236	5980
234	5981
234	5982
234	5983
004232	5985
004230	5990
004230	5990
004228	5995
004228	5998
004228	5998
004226	6000
004226	5999
004226	6000
004224	6002
004224	6003
4224	6006
004222	6007
004222	6010
004222	6011
004222	6013
004220	6015
	6017
004218	6019
004216	6021
004216	6023
004216	6025
214	6027
004214	6029
004214	6030
004212	6032
004212	6034
004212	6036
04210	6038
004210	6039
004206	6043
004206	6046
6	6047
004204	6049
004202	6051
004202	6053
004200	6055
004200	6057
004200	6059
004198	6061
004198	6062
004196	6064
004196	6066
004194	6068
	6070
	6072
004192	6074
004192	6075
004190	6078
90	6079
004188	6081
004188	6083
004186	6085
004186	6087
04184	6089
004184	6091
004182	6092
004180	6096
004180	6097
004178	6098
004178	6100
004176	6105
004176	6106
004176	6106
004176	6108
004176	6110
004174	6112
004174	6114
004170	6116
004170	6119
004168	6120
004168	6122
004168	6125
004164	6130
004162	6131
004162	6131
60	6133
004160	6135
004158	6138
004158	6139
004156	6141
4156	6143
004152	6147
004152	6148
004152	6150
004150	6154
004150	6155
	6158
004146	6160
004144	6164
004142	6166
140	6168
004140	6171
004138	6173
004138	6175
004136	6176
004136	6180
004136	6181
004136	6183
004130	6185
004130	6189
004130	6189
004130	6191
004128	6193
004124	6193
004124	6193
004122	6195
4120	6197
004120	6199
004118	6201
004118	6203
004116	6205
004114	6206
004114	6208
004114	6210
004114	6212
004110	6214
004110	6216
004106	6215
106	6215
106	6218
004102	6219
004102	6222
004102	6223
004098	6226
004098	6227
004096	6229
004094	6232
004092	6235
0	6237
004088	6239
004086	6241
004086	6243
004084	6245
4084	6247
004082	6249
004082	6251
004076	6257
	6259
	6261
004072	6263
004068	6265
004068	6266
66	6268
66	6267
004064	6267
004062	6268
004060	6270
004056	6272
004056	6274
004056	6278
004056	6279
004054	6279
004052	6282
8	6283
004044	6287
004044	6287
004044	6290
004042	6291
004040	6294
004040	6295
004036	6297
004036	6299
004034	6302
004032	6303
004032	6305
004032	6307
004026	6309
004026	6311
004026	6313
004026	6314
22	6317
22	6318
004018	6320
004018	6322
004012	6326
004012	6326
004012	6328
004010	6330
004006	6333
004006	6334
004004	6334
	6334
	6336
	6338
004002	6338
004000	6338
994	6340
003990	6341
003988	6343
003986	6345
003986	6347
003984	6349
003984	6351
003980	6353
003980	6355
003978	6357
003974	6359
4	6360
003970	6359
003968	6362
003966	6364
003966	6366
003962	6368
003960	6370
003958	6372
003956	6374
003952	6376
003952	6378
003948	6380
003948	6382
003946	6383
003946	6386
003942	6387
003940	6391
003936	6391
003936	6394
003932	6395
03932	6399
003930	6399
003930	6401
003926	6403
003926	6405
003922	6407
003922	6409
003914	6412
003914	6413
003912	6415
003910	6417
003906	6419
3904	6421
003902	6423
003902	6425
003894	6427
003892	6429
003888	6431
003888	6433
003882	6435
003880	6437
003880	6439
003878	6441
003874	6443
003874	6446
003866	6447
003860	6450
003856	6454
03856	6454
003850	6455
003846	6458
003844	6460
003838	6464
003836	6467
003832	6469
8	6471
003822	6473
003822	6475
003816	6478
003806	6481
003784	6484
003776	6487
003760	6493
003760	6499
003750	6907
003750	6897
003750	6626
003750	6627
003230	6725
003230	6726
002432	6771
88	6790
002086	6737
001810	6731
001810	6725
001810	6721
001282	6719
000906	6726
000906	6737
000906	6743
000906	6749
000906	6748
	6744
000906	6737
000906	6738
000906	6742
906	6752
000906	6762
000906	6761
000906	6761
000906	6755
000906	6753
000906	6755
000906	6763
000906	6771
000906	6777
000906	6778
6	6775
6	6773
000906	6773
000906	6773
000906	6777
0906	6781
0906	6785
000906	6786
000906	6787
000906	6787
000906	6788
000906	6789
000906	6790
000906	6799
000906	6804
000906	6805
000906	6804
000906	6805
000906	6805
000906	6814
000906	6814
000906	6815
000906	6818
000906	6819
000906	6821
000906	6821
6	6820
000906	6822
000906	6825
000906	6827
0906	6830
0906	6831
0906	6831
000906	6832
000906	6833
000906	6835
000906	6838
000906	6842
000906	6844
000906	6846
000906	6847
000906	6847
000906	6848
06	6850
06	6852
06	6855
000906	6858
000906	6860
000906	6862
000906	6862
000906	6863
000906	6865
000906	6866
000906	6869
000906	6873
000906	6875
000906	6877
000906	6879
906	6880
000906	6881
000906	6882
000906	6885
000906	6887
000906	6890
000906	6893
000906	6895
000906	6895
000906	6897
000906	6899
000906	6901
06	6903
000906	6909
000906	6910
000906	6911
